11410260
15007476
17188621
5394135900
5397520584
5403812937
5405293317
5412234601
5418350082
5425996805
5428405091
5433027504
5451726871
5453600777
5457334506
5966945803
5983195707
5990194073
5993395625
5995047634
5995265303
5995353349
5995915973
5996969040
6000398491
6003528445
6007503355
6008693209
6010502159
6021434607
6025437327
6025526695
6026660458
6027546118
6028435496
6028562849
6029041507
6029073959
6029438499
6029932063
6031799507
6036508802
6739040375
7285352113
7293870769
7309971056
5438526828
6009855853
7391582
6029244450
5981780644
6030895960
5419771351
6031065820
5967097243
5415952510
5453954247
6011124668
6006318230
7300732016
6030739160
5981915144
5970514852
4494234
5978589351
5998408480
2348234
7246290354
6021838439
6027688957
5453806969
5981753930